lstm-200-15-20-0.001-0.7-6-conceptnet-False-False-935518, 82.488400, 0.547406, 83.750000, 81.580000
lstm-200-15-20-0.001-0.7-6-conceptnet-True-False-732365, 82.669200, 0.625357, 83.910000, 81.040000
lstm-200-15-20-0.001-0.7-6-glove-False-False-442417, 78.359600, 0.637191, 79.780000, 76.980000
lstm-200-15-20-0.001-0.7-6-none-False-False-670487, 83.165200, 0.529023, 84.350000, 81.880000
lstm-200-15-20-0.001-0.7-6-none-True-False-40424, 83.035600, 0.508024, 84.410000, 81.970000
lstm-200-30-20-0.001-0.7-6-bert-False-False-772246, 79.098400, 0.960074, 81.390000, 77.060000
lstm-200-30-20-0.001-0.7-6-bert-True-False-387844, 78.754800, 0.881708, 80.650000, 76.870000
lstm-200-30-20-0.001-0.7-6-elmo-combined-False-False-288389, 82.289600, 2.018200, 85.140000, 75.190000
lstm-200-30-20-0.001-0.7-6-elmo_combined-True-False-150924, 82.618000, 1.722566, 84.870000, 78.110000
lstm-200-30-20-0.001-0.7-6-elmo-False-False-670487, 82.648000, 0.497530, 83.480000, 81.770000
lstm-200-30-20-0.001-0.7-6-elmo-True-False-730044, 82.887600, 0.705415, 84.470000, 81.530000
lstm-400-15-20-0.001-0.7-6-conceptnet-False-True-91161, 82.360000, 0.791606, 83.510000, 79.750000
lstm-400-15-20-0.001-0.7-6-conceptnet-True-True-831469, 82.938000, 0.580076, 84.110000, 81.780000
lstm-400-15-20-0.001-0.7-6-glove-False-True-31244, 79.815600, 3.117631, 82.400000, 67.890000
lstm-400-15-20-0.001-0.7-6-none-False-True-26225, 83.491600, 0.708964, 84.450000, 81.650000
lstm-400-15-20-0.001-0.7-6-none-True-True-299981, 83.352800, 0.568518, 84.220000, 82.230000
lstm-400-30-20-0.001-0.7-6-bert-False-True-709570, 81.995600, 0.686429, 83.850000, 80.410000
lstm-400-30-20-0.001-0.7-6-bert-True-True-704272, 82.128000, 0.801968, 83.660000, 80.510000
lstm-400-30-20-0.001-0.7-6-elmo-combined-False-True-234053, 84.361600, 0.993771, 86.040000, 81.650000
lstm-400-30-20-0.001-0.7-6-elmo_combined-True-True-485000, 84.466000, 0.726030, 85.600000, 82.880000
lstm-400-30-20-0.001-0.7-6-elmo-False-True-26225, 84.186400, 0.517470, 84.990000, 82.850000
lstm-400-30-20-0.001-0.7-6-elmo-True-True-799732, 84.396800, 0.432590, 85.350000, 83.770000
lstmcrf-200-10-1-0.001-0.7-6-conceptnet-False-False-229258, 85.936667, 0.439267, 86.520000, 85.460000
lstmcrf-200-10-1-0.001-0.7-6-conceptnet-False-True-529903, 85.555000, 0.715000, 86.270000, 84.840000
lstmcrf-200-10-1-0.001-0.7-6-conceptnet-True-False-604630, 85.420000, 0.150000, 85.570000, 85.270000
lstmcrf-200-10-1-0.001-0.7-6-elmo-combined-False-False-772246, 85.722400, 0.552668, 86.560000, 84.340000
lstmcrf-200-10-1-0.001-0.7-6-elmo-combined-False-True-709570, 85.399200, 0.960874, 87.070000, 83.840000
lstmcrf-200-10-1-0.001-0.7-6-elmo_combined-True-False-638570, 85.702400, 0.722021, 86.800000, 83.530000
lstmcrf-200-10-1-0.001-0.7-6-elmo_combined-True-True-20087, 85.707333, 0.963365, 86.810000, 83.960000
lstmcrf-200-10-1-0.001-0.7-6-glove-False-False-442417, 85.238667, 0.670869, 86.580000, 84.400000
lstmcrf-200-10-1-0.001-0.7-6-glove-False-True-31244, 85.152308, 0.579684, 86.140000, 84.170000
lstmcrf-200-10-1-0.001-0.7-6-none-False-False-670487, 85.696000, 0.493931, 86.830000, 84.850000
lstmcrf-200-10-1-0.001-0.7-6-none-False-True-26225, 85.510000, 0.591333, 86.540000, 84.330000
lstmcrf-200-10-1-0.001-0.7-6-none-True-False-100961, 85.782000, 0.597019, 87.240000, 84.370000
lstmcrf-200-10-1-0.001-0.7-6-none-True-True-475203, 85.336667, 0.454689, 86.300000, 84.660000
lstmcrf-200-20-1-0.001-0.7-6-bert-False-False-935518, 83.728800, 0.709097, 84.950000, 82.330000
lstmcrf-200-20-1-0.001-0.7-6-bert-False-True-91161, 83.466429, 0.685343, 84.490000, 82.240000
lstmcrf-200-20-1-0.001-0.7-6-bert-True-False-539050, 83.882000, 0.531707, 84.960000, 82.780000
lstmcrf-200-20-1-0.001-0.7-6-bert-True-True-453392, 83.758000, 0.672143, 84.980000, 83.140000
lstmcrf-200-20-1-0.001-0.7-6-elmo-False-False-288389, 85.526400, 0.474897, 86.390000, 84.500000
lstmcrf-200-20-1-0.001-0.7-6-elmo-False-True-234053, 85.664167, 0.472413, 86.360000, 84.770000
lstmcrf-200-20-1-0.001-0.7-6-elmo-True-False-627895, 85.718800, 0.459890, 86.720000, 84.800000
lstmcrf-200-20-1-0.001-0.7-6-elmo-True-True-522476, 85.358571, 0.721535, 86.290000, 84.120000
